Q1:

0   1   2   3   4   5   6   7   8   9
.   31  41  53  93  .   26  97  58  59

Q2:

0.8

Q3:

0   1   2   3   4   5   6   7   8   9
.   41  31  53  93  .   26  97  58  59

Q4:

2,3,4,5


Q5:

7,8,9,0

Q6:

0   1   2   3   4   5   6   7   8   9
.   31  T   T   93  .   26  97  58  59

Q7:

0   1   2   3   4   5   6   7   8   9
106 31  107 110 93  .   26  97  58  59

Q8:

0   1   2   3   4   5   6   7   8   9
108 151 221 103     145 245 246 106 107
2   0   1   0       0   1   1   2   2

Q9:



Q10:

5,6,7

Q11:

0,1

Q12:

0   1   2   3   4   5   6   7   8   9
108 221     103     145 245 246 106 107
2   0       0       0   1   1   2   2

Q13:

0   1   2   3   4   5   6   7   8   9
    221     103     245 246 106 107 108
    0       0       0   0   1   1   1





